{"CameraParameters1":{"ImageSize":[3024,4032],"RadialDistortion":[0.072806538463783391,-0.12569310824141225],"TangentialDistortion":[0,0],"WorldPoints":[[0,0],[0,40],[0,80],[0,120],[0,160],[0,200],[40,0],[40,40],[40,80],[40,120],[40,160],[40,200],[80,0],[80,40],[80,80],[80,120],[80,160],[80,200],[120,0],[120,40],[120,80],[120,120],[120,160],[120,200],[160,0],[160,40],[160,80],[160,120],[160,160],[160,200],[200,0],[200,40],[200,80],[200,120],[200,160],[200,200],[240,0],[240,40],[240,80],[240,120],[240,160],[240,200],[280,0],[280,40],[280,80],[280,120],[280,160],[280,200],[320,0],[320,40],[320,80],[320,120],[320,160],[320,200]],"WorldUnits":"밀리미터","EstimateSkew":false,"NumRadialDistortionCoefficients":2,"EstimateTangentialDistortion":false,"ReprojectionErrors":[[[0.87078010646564508,0.47272018103194569],[0.47351357261959492,-2.8108312597864824]],[[0.25632484163861591,0.0061627600925930892],[0.32189204640280877,-1.19670806717113]],[[-0.55018712318042162,-0.63737509406064419],[0.592672682189459,0.13658083477707805]],[[-1.1683179134215607,-0.988096893722286],[0.32822130329668653,0.30359598319523684]],[[-2.63663522529896,-2.0355888205394876],[0.84323987563470837,1.1774754888672305]],[[-4.3417253151583282,-3.3645856177513451],[2.2242595279014949,2.903499732336968]],[[1.9757922863623207,1.7331046572394371],[1.4484828399204162,-1.3946608279397879]],[[1.4749626958241606,0.9076723202156245],[0.9724498205321197,-0.34190806449078082]],[[0.89057530077434421,0.18873241564051568],[0.87005320578668943,0.47785017590013013]],[[0.53507587492367747,0.22250248155660302],[0.21384870218298602,0.25786103819132222]],[[-0.46472588108190394,-0.68203374398126471],[0.46576460867163405,0.59409809509838851]],[[-2.0192512476796765,-1.579067557727285],[1.5809037410824658,1.9793132408215115]],[[2.7673268904159158,2.445229531093446],[2.103391497722896,-0.57419567051874765]],[[2.3733469400481226,1.5059278853402702],[1.412201046012342,0.15078705635050937]],[[1.670672687950173,0.723264545206348],[0.91746773262048009,0.69294850569804112]],[[1.1695769608113551,0.038329571595795642],[0.10160790555846688,0.21929671214888913]],[[0.26804352019462385,-0.57139292494707661],[-0.005032939535794867,0.22897329172997161]],[[-0.695657505746567,-1.0183444970630262],[0.93980256296345033,1.1817104846443272]],[[2.1973241465875617,1.9418926466078119],[2.330456707882604,-0.36666455143540588]],[[1.5961532109686232,0.58161736721785928],[1.3555105018399445,0.36960659457736256]],[[1.2218427594361856,-0.16629070348380992],[0.76628698169452036,0.65122397082359385]],[[0.719477009309685,-0.80817372671299381],[-0.2749490113765205,-0.017400785524841922]],[[0.30954088705311733,-1.2753005366537309],[-0.833252769996534,-0.40570919579931797]],[[-0.41934427548858366,-1.5647936272448533],[0.13691233814597581,0.42644318088582622]],[[1.1538468716303214,1.164375327446578],[2.1075232426910588,-0.60945049679867225]],[[0.72062547686186917,-0.026261955833433603],[1.108126363433712,-0.056146656474538759]],[[0.24046962256625193,-1.1843470979542872],[0.38238213296745016,0.50477599721398292]],[[-0.029826549086010345,-1.7610450352244698],[-0.65858696916347981,-0.24199920757450855]],[[-0.25237015135166985,-2.0963983155916139],[-1.1472209850385298,-0.60215869808484968]],[[-0.47794178926551467,-2.1658016312367181],[-0.25598236586074563,0.28029119815801096]],[[0.69440831112729029,1.2556806389102348],[1.6069051322619998,-0.84503235657439291]],[[0.0027558133213005931,-0.40589211148972026],[0.6804013797495827,-0.402932346675243]],[[-0.32895643157030463,-1.4047363939412207],[-0.013289398676761266,0.0900354244877235]],[[-0.51006805000702116,-2.1449422637674616],[-1.0434520705935029,-0.43412290559558642]],[[-0.34568840701035697,-2.1875850089343203],[-1.418531119418958,-0.83348251664074269]],[[-0.33410302536685776,-2.1945304603052591],[-0.45993116355475649,0.09518416438731947]],[[1.1397075741101617,1.3746909413641788],[1.03704161033329,-0.91931164354446082]],[[0.53046939030605245,0.33054648776101203],[0.094934656473469659,-1.0114195370449579]],[[-0.085197356357184617,-1.0675766151052812],[-0.4002103554482801,-0.14278399907016137]],[[0.12641936776435614,-1.4143337026807785],[-1.2271845363998182,-0.699989446103018]],[[0.32839540252621191,-1.5738436544788783],[-1.3787455726746884,-0.7780697735074682]],[[0.72973802711612734,-1.1977915448067051],[-0.24210007006740852,0.128053183642578]],[[1.4446783569762829,0.60933407529637407],[0.056593362468447594,-0.88788011109932086]],[[0.67799511244857058,-0.20464849701056664],[-0.56214992086870552,-1.0506472222373304]],[[0.60254341448353443,-0.966272464372878],[-1.1271801839757245,-0.75075492856012715]],[[0.44914293733518207,-1.3791096189377186],[-1.3899435787864149,-0.81316402636593921]],[[0.92316756296486346,-1.0653865708372905],[-1.1247215291120938,-0.5796514695366568]],[[1.4371676418559218,-0.78915512476578442],[0.15162462053103809,0.409286256555788]],[[1.8349119485906158,-1.0663649869952678],[-0.46201887770348549,-0.415793193510126]],[[1.8591079746684045,-0.74000880754169884],[-1.0850379899432028,-1.0234972655539423]],[[1.5893053409661206,-1.0940931651384744],[-1.1888122247444244,-0.81886979036926277]],[[2.1153106952001508,-1.006085696088121],[-1.4614388880195293,-1.0588911025665766]],[[2.3679584623305345,-0.93766815294929984],[-0.88996701380756349,-0.70023094973521438]],[[3.2287801666034284,-0.57060238843337174],[0.41023287873849767,0.14013253526354674]]],"DetectedKeypoints":[[true,true],[true,true],[true,true],[true,true],[true,true],[true,true],[true,true],[true,true],[true,true],[true,true],[true,true],[true,true],[true,true],[true,true],[true,true],[true,true],[true,true],[true,true],[true,true],[true,true],[true,true],[true,true],[true,true],[true,true],[true,true],[true,true],[true,true],[true,true],[true,true],[true,true],[true,true],[true,true],[true,true],[true,true],[true,true],[true,true],[true,true],[true,true],[true,true],[true,true],[true,true],[true,true],[true,true],[true,true],[true,true],[true,true],[true,true],[true,true],[true,true],[true,true],[true,true],[true,true],[true,true],[true,true]],"RotationVectors":[[-0.082375427066305851,-0.62150768829883662,-2.935256936420402],[-0.46138778228544219,-0.50468605702879032,-3.0371013116966763]],"K":[[3213.7986912793858,0,2057.0000340987326],[0,3165.5266873634191,1385.2601831795764],[0,0,1]],"NumPatterns":2,"Intrinsics":{"FocalLength":[3213.7986912793858,3165.5266873634191],"PrincipalPoint":[2057.0000340987326,1385.2601831795764],"ImageSize":[3024,4032],"RadialDistortion":[0.072806538463783391,-0.12569310824141225],"TangentialDistortion":[0,0],"Skew":0,"K":[[3213.7986912793858,0,2057.0000340987326],[0,3165.5266873634191,1385.2601831795764],[0,0,1]]},"PatternExtrinsics":[{"Dimensionality":3,"Translation":[118.0098246636073,192.116390227557,788.25878267633334],"R":[[-0.98869906239867744,0.14789913057718043,0.024495125770047442],[-0.12527853709352452,-0.90486400175644144,0.40684939040021328],[0.082337428643859872,0.39918289730377088,0.9131667768510221]],"A":[[-0.98869906239867744,0.14789913057718043,0.024495125770047442,118.0098246636073],[-0.12527853709352452,-0.90486400175644144,0.40684939040021328,192.116390227557],[0.082337428643859872,0.39918289730377088,0.9131667768510221,788.25878267633334],[0,0,0,1]]},{"Dimensionality":3,"Translation":[42.773887754683543,152.94382540026888,690.07236466195639],"R":[[-0.95567314346542509,0.075808514218171,0.28450292095327673],[0.020278618615585688,-0.9470427865655795,0.3204664382445464],[0.29373052358574631,0.31203049464136584,0.903526064885739]],"A":[[-0.95567314346542509,0.075808514218171,0.28450292095327673,42.773887754683543],[0.020278618615585688,-0.9470427865655795,0.3204664382445464,152.94382540026888],[0.29373052358574631,0.31203049464136584,0.903526064885739,690.07236466195639],[0,0,0,1]]}],"FocalLength":[3213.7986912793858,3165.5266873634191],"PrincipalPoint":[2057.0000340987326,1385.2601831795764],"Skew":0,"MeanReprojectionError":1.4505350401765713,"ReprojectedPoints":[[[2540.5973426064656,2256.9041166654069],[2160.7166776351196,2089.3080652245885]],[[2554.2018814822636,2266.9871197913426],[2001.4368822807778,1904.8106161515789]],[[2567.3445882674446,2276.7635038121894],[1848.781271315002,1727.3395837644646]],[[2580.0811938053284,2286.2711804500277],[1702.2814683736092,1556.3526682488202]],[[2592.453940946576,2295.5388740700855],[1561.4867945631347,1391.3240819341797]],[[2604.4939680442167,2304.5870745384987],[1425.9771892154015,1231.769222388587]],[[2376.9157336926123,2077.8883780947394],[2136.6931117461704,2080.98766339081]],[[2393.8423943364492,2091.1635316952156],[1978.6576304845946,1899.7107042401967]],[[2410.1496085038993,2103.9633906187655],[1827.1892670729742,1725.2385923634001]],[[2425.8978688436737,2116.3284595128066],[1681.8138242881205,1557.0509518585038]],[[2441.1370807595431,2128.2957494591437],[1542.0781913664841,1394.6429262200984]],[[2455.9077507054453,2139.8977390828977],[1407.5621049129575,1237.5481608970715]],[[2214.9096608747909,1904.8146142967184],[2113.0853250914729,2073.1882555013563]],[[2235.1213938150481,1921.0816114790903],[1956.2519227256998,1894.9684140094755]],[[2254.5510437817,1936.7200907170813],[1805.921496052933,1723.3344279978855]],[[2273.2652800858114,1951.7720942200333],[1661.618575678996,1557.7925388996489]],[[2291.3227310201946,1966.2812682078654],[1522.8908410839017,1397.862029932355]],[[2308.7740690567534,1980.2901271826245],[1389.320051586401,1243.0969936877693]],[[2054.4385350840876,1737.2217998731703],[2089.8980836610076,2065.8620952141896]],[[2077.8942489140936,1756.2879161953429],[1934.2170827674649,1890.5503927273899]],[[2100.4042158063112,1774.5915217965162],[1784.9699002629445,1721.6084993614486]],[[2122.0417426343097,1792.174248148287],[1641.6837912229985,1558.5728091754127]],[[2142.8744822933031,1809.0840744633463],[1503.910033362816,1400.9891882651382]],[[2162.9634682245114,1825.3711194586926],[1371.234324447521,1248.4338894699483]],[[1895.3450089810053,1574.7124710305716],[2067.1189978520661,2058.9523170813263]],[[1922.0013871956119,1596.3910964426041],[1912.5378138634337,1886.416875804463]],[[1947.5508944272538,1617.1950474332957],[1764.31756279703,1720.0378570519015]],[[1972.0730787243515,1637.1630272304005],[1621.9918036558365,1559.3844656361755]],[[1995.6442362939608,1656.3446417234709],[1485.1179157337115,1404.0310200128527]],[[2018.335412702922,1674.7948917281383],[1353.2872305247643,1253.5772882684705]],[[1737.4713858501898,1416.9580732170352],[2044.7220174369495,2052.3973992840506]],[[1767.2831513211338,1441.0665199978853],[1891.1890683719371,1882.5246799580123]],[[1795.8327867324922,1464.2117186841838],[1743.9410563044482,1718.5969934323002]],[[1823.2048977703055,1486.4265909393575],[1602.521123124719,1560.2183429147169]],[[1849.4834131554896,1507.7594364754407],[1466.495043099331,1406.9929334989843]],[[1874.7485385761956,1528.2672615318822],[1335.4613334848827,1258.5451353362623]],[[1580.6741314022352,1263.6990317616767],[2022.6705865322083,2046.1343992939555]],[[1613.5929693903061,1290.056132425261],[1870.1386358283485,1878.829400775455]],[[1645.1035233467678,1315.3861587364572],[1723.8125581992392,1717.2591935399923]],[[1675.2935336255769,1339.7132297738817],[1583.2481572604752,1561.0640486398345]],[[1704.2529559494012,1363.0813077127086],[1448.0217671226378,1409.8791567889925]],[[1732.0698259177411,1385.5464711505058],[1317.7405659455576,1263.3543715430176]],[[1424.8366461304138,1114.7414141534214],[2000.9204849640309,2040.1012556310882]],[[1460.8089765577611,1143.1652245498644],[1849.3494711728813,1875.2869992621377]],[[1495.2392621644835,1170.5235956996896],[1703.9017504800868,1715.9975360870649]],[[1528.2157444998352,1196.8287761232498],[1564.1487527102761,1561.9104687861341]],[[1559.8322251801524,1222.1173526869752],[1429.6794776896379,1412.6928094679633]],[[1590.1827731106059,1246.4415577658592],[1300.1112193470935,1268.0206143815558]],[[1269.8804441751531,969.951518313786],[1979.422380536359,2034.2383816111774]],[[1308.8442153965434,1000.2573056455833],[1828.7817832991193,1871.8549207031961]],[[1346.1480211612786,1029.485130467674],[1684.1775207830681,1714.7856223971307]],[[1381.8772735858252,1057.6323420382869],[1545.199571854168,1562.7461626083709]],[[1416.126869595143,1084.7251736439257],[1411.45170779088,1415.4359995190148]],[[1448.9946493072284,1110.8091583537541],[1282.5628207693635,1272.557979214951]]]},"CameraParameters2":{"ImageSize":[3024,4032],"RadialDistortion":[0.15680461932395476,-0.57507731080765889],"TangentialDistortion":[0,0],"WorldPoints":[[0,0],[0,40],[0,80],[0,120],[0,160],[0,200],[40,0],[40,40],[40,80],[40,120],[40,160],[40,200],[80,0],[80,40],[80,80],[80,120],[80,160],[80,200],[120,0],[120,40],[120,80],[120,120],[120,160],[120,200],[160,0],[160,40],[160,80],[160,120],[160,160],[160,200],[200,0],[200,40],[200,80],[200,120],[200,160],[200,200],[240,0],[240,40],[240,80],[240,120],[240,160],[240,200],[280,0],[280,40],[280,80],[280,120],[280,160],[280,200],[320,0],[320,40],[320,80],[320,120],[320,160],[320,200]],"WorldUnits":"밀리미터","EstimateSkew":false,"NumRadialDistortionCoefficients":2,"EstimateTangentialDistortion":false,"ReprojectionErrors":[[[-0.027183093759504118,-1.0664518556041003],[-0.98486076783819954,0.45074088591445616]],[[1.0896646878973115,-0.69123245268110622],[-1.297286827913922,-0.32363330772000154]],[[1.2418218563343544,-0.33583726265578662],[-0.86374174122101977,0.049084234663268944]],[[1.268073499856655,0.27419548982561537],[-1.4453898502908942,-0.74108611801375446]],[[0.74568382956704227,0.630799381651741],[-0.93956906559560593,-0.76609263930822635]],[[-0.14200066913008413,0.68389598444855437],[-0.16748464360875914,-0.33024284664088555]],[[0.15923583007588604,-2.0182233913651544],[-0.17813567517805495,-0.10758404834359681]],[[0.56346468640367675,-1.4056431324447658],[-0.62692938374379992,-0.36849305455325521]],[[0.61946951467052713,-0.97161181960518661],[-0.90823977064201245,-0.18006796836721151]],[[0.778107234737945,0.23340821426290859],[-1.146559342650562,-0.49336832016251719]],[[0.037800532775690954,0.61051153756852727],[-0.82027751327223086,-0.57170851614500862]],[[-0.79500852888895679,0.75565475916801006],[0.26888179317847971,0.22210590780582606]],[[0.22036507183884169,-1.2382111105889635],[0.39983475060489582,0.12567680993151953]],[[0.663042815247536,-0.62730458522219124],[-0.58333161613745688,-0.34811183318447547]],[[0.63377798097781124,0.21555702988189296],[-0.57744806127470838,0.19813895000584125]],[[0.45942667896179046,0.89967075760614534],[-1.1213520880430679,-0.39464620000740069]],[[-0.085286890574025165,1.2718591460511561],[-0.65445423471601316,-0.27033788880271459]],[[-0.82524258536250272,1.5887363208466923],[0.53470442857974376,0.20094328321556532]],[[-0.6441249868844352,-1.3520324432402049],[0.356177624042175,0.031138291468323587]],[[-0.0076392026758185239,-0.22419443690205298],[-0.23070826006141942,0.23720141198327838]],[[0.22264858915787045,0.58194445120261662],[-0.61647451027533862,0.39812237385604021]],[[0.15764684979694721,1.3079357929000253],[-1.0012620767740827,-0.086481995057283712]],[[-0.16126841381992563,1.7876994286079935],[-1.0508648099146285,-0.694893497611929]],[[-0.98458039310025924,1.8770180711653666],[0.30887471426899538,0.15126350539298983]],[[-1.4922119317120632,-1.0597670015749827],[0.90131602462679439,0.30435414751173084]],[[-0.87219281552370376,-0.28114461265704449],[-0.088105856438687624,0.34595877204674252]],[[-0.37663608867615039,0.57123430352612559],[-0.3623771148902506,0.8356144953072544]],[[-0.058643283813580638,1.3001868845349236],[-1.225611966535098,0.011054077126573247]],[[-0.28472004003106122,1.6640719364036158],[-0.98725672641489837,-0.4260744971306849]],[[-0.61126730156638587,1.8898516229628513],[0.28906492356395574,0.073751979293319891]],[[-2.1665782600794046,-0.95916299772397906],[0.95213965276843737,0.35760084317143992]],[[-1.3849477674684749,-0.27108315086456969],[0.12465351951163939,0.69777199733880479]],[[-0.86886830922958325,0.44100397649754086],[-0.40653970598259548,0.81372654465440064]],[[-0.56448829264172673,1.1910169698330719],[-0.90234963094076193,0.22007938122942505]],[[-0.27071644020725216,1.5528912748500261],[-0.97484070715017879,-0.16275913034269252]],[[-0.527387437859943,2.0809575074326858],[0.55567337715115173,0.27697583355575262]],[[-2.5186190702647764,-0.10216643770081646],[1.2551462414687649,0.50273682496799665]],[[-1.6311350669284366,0.33248405170638762],[0.18487482923478638,0.64259367615841256]],[[-1.0113913305071947,0.78017577331661414],[-0.23417503920973104,1.0788172062480044]],[[-0.34166390917016543,1.2808211777207816],[-0.83877292751662935,0.40826169977390236]],[[0.08715926000422769,1.9633342361030373],[-0.61255837563203386,-0.078132522201258325]],[[0.20295991533885172,2.6589810939447034],[0.79066020430195749,0.39845889247408195]],[[-3.6557497519663684,-0.013966764350016092],[1.0550426715740286,0.178336708873303]],[[-2.805560659981893,0.05488976553010616],[0.27940042589648328,0.70394546560964955]],[[-1.9026208489021883,0.47697991577138055],[-0.31949280332537455,0.84774668686463883]],[[-1.0478262249034742,0.888174100420656],[-0.54901039794185635,0.67393327530749048]],[[-0.46358073962574053,1.5687066348120879],[-0.12278877245375952,0.39898155885657616]],[[0.077428117929230211,2.3539728328428282],[1.3275861755334972,0.91291660003366815]],[[-4.2820881216994167,0.85664222509103638],[0.98440932814764892,-0.15826842924889206]],[[-3.190011459806783,0.60452341129030174],[0.22711546683490269,0.39378799617452387]],[[-2.2452050628087363,0.80517464095464675],[-0.067688000637872392,0.94845905717352252]],[[-1.2158481570684216,1.0491883738350225],[-0.34100021257154367,0.66248648718215009]],[[-0.44445296185858751,1.5437790633450277],[0.41337599958933424,0.88816954197682207]],[[0.24276729817165688,2.4273753198308441],[1.8131118862534095,1.085072089969799]]],"DetectedKeypoints":[[true,true],[true,true],[true,true],[true,true],[true,true],[true,true],[true,true],[true,true],[true,true],[true,true],[true,true],[true,true],[true,true],[true,true],[true,true],[true,true],[true,true],[true,true],[true,true],[true,true],[true,true],[true,true],[true,true],[true,true],[true,true],[true,true],[true,true],[true,true],[true,true],[true,true],[true,true],[true,true],[true,true],[true,true],[true,true],[true,true],[true,true],[true,true],[true,true],[true,true],[true,true],[true,true],[true,true],[true,true],[true,true],[true,true],[true,true],[true,true],[true,true],[true,true],[true,true],[true,true],[true,true],[true,true]],"RotationVectors":[[-0.11866664431445069,-0.60430102402490216,-2.9340406389142157],[-0.49915994899321064,-0.48880790031613225,-3.0301186619538636]],"K":[[3070.9047101977781,0,2089.1223825501816],[0,2998.6040672964464,1430.5100192638313],[0,0,1]],"NumPatterns":2,"Intrinsics":{"FocalLength":[3070.9047101977781,2998.6040672964464],"PrincipalPoint":[2089.1223825501816,1430.5100192638313],"ImageSize":[3024,4032],"RadialDistortion":[0.15680461932395476,-0.57507731080765889],"TangentialDistortion":[0,0],"Skew":0,"K":[[3070.9047101977781,0,2089.1223825501816],[0,2998.6040672964464,1430.5100192638313],[0,0,1]]},"PatternExtrinsics":[{"Dimensionality":3,"Translation":[252.76230823919133,185.41373387680289,743.956886285358],"R":[[-0.98658736284671789,0.15594691387833282,0.04822795375072908],[-0.12419685621747067,-0.90886234487457707,0.39817631644132517],[0.10592693886285739,0.38684596174822511,0.9160402204609992]],"A":[[-0.98658736284671789,0.15594691387833282,0.04822795375072908,252.76230823919133],[-0.12419685621747067,-0.90886234487457707,0.39817631644132517,185.41373387680289],[0.10592693886285739,0.38684596174822511,0.9160402204609992,743.956886285358],[0,0,0,1]]},{"Dimensionality":3,"Translation":[175.00715086926817,147.30951506155989,647.32504509900684],"R":[[-0.94796772877359814,0.081606237520445893,0.30772976326898],[0.019298913826034294,-0.95008255414333642,0.31140117571648551],[0.31778095778218246,0.3011371154644189,0.89907268925310391]],"A":[[-0.94796772877359814,0.081606237520445893,0.30772976326898,175.00715086926817],[0.019298913826034294,-0.95008255414333642,0.31140117571648551,147.30951506155989],[0.31778095778218246,0.3011371154644189,0.89907268925310391,647.32504509900684],[0,0,0,1]]}],"FocalLength":[3070.9047101977781,2998.6040672964464],"PrincipalPoint":[2089.1223825501816,1430.5100192638313],"Skew":0,"MeanReprojectionError":1.2352043526207073,"ReprojectedPoints":[[[3142.6075825312405,2928.1664583006459],[2185.0996118884118,2120.1343346359145]],[[3147.4280435941473,2927.6549589535689],[2025.2439729377111,1932.547216301655]],[[3151.4793706844594,2927.0115748467192],[1871.297879352529,1751.8647580627883]],[[3155.1291574842317,2926.5659435367006],[1723.2566365168966,1577.8585232569862]],[[3158.594560782692,2926.4608775066517],[1580.9068664812794,1410.0603233763168]],[[3161.9822669089949,2926.7034272344486],[1443.9439655517037,1247.9527161377341]],[[2973.9439037988259,2733.08797778051],[2161.4251358091969,2109.7376307954064]],[[2981.2060428114037,2735.6812709300552],[2002.2376946396937,1925.6651983516967]],[[2987.9351433427955,2738.2373725553948],[1849.3145385496705,1748.6019144535078]],[[2994.3977361409879,2740.9795019642629],[1702.4751447589119,1578.1592195704625]],[[3000.7458083452757,2744.0021131000685],[1561.3826033461028,1413.76496140573]],[[3007.046300064861,2747.303750462293],[1425.6465673400535,1254.8298939937433]],[[2805.8487830405888,2545.521310373786],[2136.97527420373,2099.4345147005565]],[[2815.9699275808725,2551.3558497116528],[1978.846966235425,1918.944490705878]],[[2825.6389049341028,2557.0951957017569],[1827.2068536965378,1745.4416692234433]],[[2835.0546415227118,2562.8942996638561],[1681.7414408807069,1578.4437327062426]],[[2844.330240453176,2568.8248376616762],[1542.021815296534,1417.3218251971348]],[[2853.5136246021375,2574.8936679614717],[1407.5948850926422,1261.4486239472781]],[[2639.3785800912406,2365.4367859161348],[2112.3141854365422,2089.6053570414683]],[[2652.6090600160742,2374.4950438443479],[1955.4746140055636,1912.6273381307333]],[[2665.3554610891579,2383.3177842949526],[1805.2482715834747,1742.5273948347935]],[[2677.7736136466719,2392.0139904804],[1661.2245680013509,1578.7798510127552]],[[2689.95689564868,2400.646097866108],[1522.9087299166479,1420.7351602133256]],[[2701.9492574975247,2409.2368813524154],[1389.803747761144,1267.753802567893]],[[2475.0649169745379,2192.381150967175],[2087.8346656340018,2080.4332603975117]],[[2491.5408931219763,2204.554060465468],[1932.3929732451238,1906.8264275220467]],[[2507.4224361769488,2216.3185487566511],[1783.6154060882347,1739.9269230890573]],[[2522.8393059349364,2227.7489173532849],[1641.0245101037774,1579.2041693115016]],[[2537.8783658974689,2238.9035738895286],[1504.0814688595226,1424.0155758934943]],[[2552.5899045734336,2249.8224688104629],[1372.2608666813765,1273.7295136980433]],[[2313.0597400992956,2025.7357832913385],[2063.7880771527684,2071.9645344369214]],[[2332.8411264512815,2040.8575789585104],[1909.7679640663866,1901.5638608645263]],[[2351.8674598157704,2055.4007207733725],[1762.4073030674549,1737.6543027165294]],[[2370.2531386604833,2069.4085462667081],[1621.1874941190592,1579.7298450062294]],[[2388.0867054347927,2082.934971352975],[1485.5440801912873,1427.1762301274698]],[[2405.43110865589,2096.0340825074327],[1354.9361665412137,1279.3854963413683]],[[2153.2611660859852,1864.8798892263617],[2040.3108103039688,2064.153371590593]],[[2176.3569020424466,1882.7456920595189],[1887.6803582276723,1896.8001864495959]],[[2198.5103371851178,1899.8902831951916],[1741.6624314061028,1735.686239081248]],[[2219.82581655958,1916.3246444199083],[1601.7194546115459,1580.3527197075864]],[[2240.3974619943792,1932.093949470478],[1467.277090061868,1430.2303391574862]],[[2260.3037899934639,1947.2605435939447],[1337.789927782427,1284.7473358455991]],[[1995.4221311074086,1709.28779104815],[2017.447620796574,2056.8946453026233]],[[2021.8047909025181,1729.66084679678],[1866.144512730584,1892.4558985906096]],[[2047.0517248542228,1749.2155053063964],[1721.3736224310496,1733.9744556712396]],[[2071.2578378375965,1767.9256496863582],[1582.5978401879956,1581.056135423745]],[[2094.5229915259993,1785.8210259707496],[1449.2467180634837,1433.1896309729191]],[[2116.9411976491792,1802.9645685359678],[1320.779856683346,1289.8494400375337]],[[1839.2436687142381,1558.5811295297785],[1995.1721534687726,2050.0477862582511]],[[1868.8551545558182,1581.1942450909778],[1845.12482054496,1888.4272352617995]],[[1897.1496923981288,1602.9495838206421],[1701.5011596556121,1732.454928783736]],[[1924.2092006710566,1623.7770936472725],[1563.781924592116,1581.8147081668697]],[[1950.1361134443914,1643.682939219595],[1431.4128877183393,1436.0634625107268]],[[1975.0372008919217,1662.7219309838933],[1303.8671890346909,1294.7300916212198]]]},"FundamentalMatrix":[[-1.0570059170028778E-8,4.4098692230240936E-6,-0.0059067440493072616],[-4.14793414758051E-6,-1.2276497943966982E-7,-0.029870602033509403],[0.0055908779184520273,0.027173194848247373,4.5552564987704685]],"EssentialMatrix":[[-0.1043187629887819,42.868474604849006,0.55377497596865222],[-39.973267349157993,-1.1653049745392614,-115.66504720114916],[-1.1726045431186076,114.62478120917898,-1.1046436799054082]],"PoseCamera2":{"Dimensionality":3,"Translation":[114.63209678040953,0.95817224603412265,-42.861469527091984],"R":[[0.99968376339248965,0.0021089865626084223,0.0250584393988831],[-0.001873256376321291,0.99995381050344789,-0.0094269703607929578],[-0.025077163315999903,0.0093770483262823369,0.99964153917527321]],"A":[[0.99968376339248965,0.0021089865626084223,0.0250584393988831,114.63209678040953],[-0.001873256376321291,0.99995381050344789,-0.0094269703607929578,0.95817224603412265],[-0.025077163315999903,0.0093770483262823369,0.99964153917527321,-42.861469527091984],[0,0,0,1]]},"MeanReprojectionError":1.3428696963986393,"NumPatterns":2,"WorldPoints":[[0,0],[0,40],[0,80],[0,120],[0,160],[0,200],[40,0],[40,40],[40,80],[40,120],[40,160],[40,200],[80,0],[80,40],[80,80],[80,120],[80,160],[80,200],[120,0],[120,40],[120,80],[120,120],[120,160],[120,200],[160,0],[160,40],[160,80],[160,120],[160,160],[160,200],[200,0],[200,40],[200,80],[200,120],[200,160],[200,200],[240,0],[240,40],[240,80],[240,120],[240,160],[240,200],[280,0],[280,40],[280,80],[280,120],[280,160],[280,200],[320,0],[320,40],[320,80],[320,120],[320,160],[320,200]],"WorldUnits":"밀리미터"}